4 0.235648 0.356000 0.160185 0.148000
4 0.566204 0.315000 0.187963 0.130000
4 0.673148 0.226000 0.190741 0.176000
4 0.412037 0.227000 0.168519 0.126000
4 0.410185 0.223000 0.168519 0.126000
4 0.234722 0.169000 0.102778 0.106000
4 0.120370 0.236000 0.092593 0.092000
4 0.045833 0.296000 0.075000 0.112000
4 0.045833 0.172000 0.075000 0.112000
4 0.028241 0.723000 0.054630 0.194000
4 0.971759 0.455000 0.056481 0.134000
16 0.785185 0.118000 0.018519 0.072000
16 0.663889 0.116000 0.018519 0.072000
16 0.443981 0.092000 0.082407 0.040000
