4 0.022222 0.151000 0.042593 0.062000
4 0.064352 0.142000 0.047222 0.048000
4 0.089352 0.163000 0.069444 0.070000
4 0.049537 0.220000 0.069444 0.076000
4 0.025926 0.273000 0.050000 0.094000
4 0.138889 0.248000 0.098148 0.096000
4 0.062963 0.367000 0.079630 0.170000
4 0.199074 0.506000 0.225926 0.260000
4 0.089352 0.712000 0.176852 0.416000
16 0.492593 0.187000 0.250000 0.134000
4 0.542130 0.308000 0.202778 0.124000
4 0.633333 0.467000 0.294444 0.246000
4 0.879630 0.386000 0.240741 0.204000
15 0.466204 0.101000 0.165741 0.038000
15 0.769444 0.112000 0.040741 0.068000
15 0.595370 0.097000 0.037037 0.030000
