4 0.287037 0.368000 0.196296 0.168000
4 0.554630 0.303000 0.183333 0.142000
4 0.957407 0.427000 0.085185 0.130000
4 0.078241 0.657000 0.154630 0.262000
4 0.204167 0.173000 0.095370 0.106000
4 0.202315 0.169000 0.095370 0.106000
4 0.131944 0.239000 0.095370 0.106000
4 0.056481 0.301000 0.064815 0.114000
4 0.034259 0.197000 0.064815 0.114000
4 0.431019 0.223000 0.152778 0.114000
4 0.603241 0.205000 0.167593 0.134000
16 0.774537 0.117000 0.015741 0.070000
16 0.651389 0.113000 0.015741 0.070000
16 0.440741 0.098000 0.109259 0.052000
