4 0.212963 0.354000 0.166667 0.168000
4 0.388426 0.247000 0.206481 0.118000
4 0.574537 0.315000 0.215741 0.186000
4 0.727778 0.285000 0.237037 0.254000
4 0.112963 0.249000 0.092593 0.114000
4 0.043981 0.278000 0.086111 0.112000
4 0.023611 0.149000 0.039815 0.058000
4 0.066204 0.141000 0.039815 0.058000
4 0.033333 0.213000 0.064815 0.082000
4 0.088889 0.177000 0.066667 0.082000
4 0.264352 0.172000 0.165741 0.148000
15 0.432407 0.108000 0.112963 0.052000
15 0.679630 0.120000 0.031481 0.072000
15 0.776389 0.118000 0.069444 0.064000
